0.2561822235584259
0.26279717683792114
0.2763791084289551
0.29762980341911316
0.32758718729019165
0.3675815165042877
0.4191330373287201
0.48376205563545227
0.5626922249794006
0.6564744710922241
0.764614999294281
0.8853622674942017
1.0157878398895264
1.1521961688995361
1.2907488346099854
1.4280691146850586
1.5616474151611328
1.6899914741516113
1.8126513957977295
1.9298689365386963
2.0428504943847656
2.1523144245147705
2.25924015045166
2.3655121326446533
2.4719598293304443
2.5791995525360107
2.687126874923706
2.795132637023926
2.90214204788208
3.0067358016967773
3.1073508262634277
3.202563762664795
3.2912957668304443
3.3729636669158936
3.4476263523101807
3.5158767700195312
3.578803062438965
3.637763261795044
3.6942245960235596
3.7495791912078857
3.8050050735473633
3.861368179321289
3.9191699028015137
3.9785337448120117
4.039259910583496
4.100888252258301
4.162787914276123
4.224297046661377
4.284766674041748
4.343659400939941
4.400576591491699
4.455260753631592
4.507598876953125
4.557590484619141
4.605342864990234
4.651047229766846
4.694974422454834
4.737456798553467
4.778851509094238
4.819499492645264
4.859676361083984
4.899544715881348
4.93912410736084
4.9782915115356445
5.0168023109436035
5.054340362548828
5.090573310852051
5.125228404998779
5.158108234405518
5.189124584197998
5.218293190002441
5.2457194328308105
5.271568775177002
5.296042442321777
5.319363117218018
5.341763019561768
5.363475322723389
5.38474178314209
5.405807971954346
5.426919937133789
5.448317050933838
5.470221519470215
5.4928131103515625
5.5162153244018555
5.540462017059326
5.565496921539307
5.591158390045166
5.617181301116943
5.64323616027832
5.668954849243164
5.693975925445557
5.717987060546875
5.740758895874023
5.762155055999756
5.782130241394043
5.800719738006592
5.818009376525879
5.834110736846924
5.849137783050537
5.863199710845947
5.8763909339904785
5.888796329498291
5.900496959686279
5.91157341003418
5.922111511230469
5.93220329284668
5.9419379234313965
5.95140266418457
5.960669994354248
5.969798564910889
5.978822231292725
5.987757205963135
5.996598720550537
6.005330562591553
6.0139312744140625
6.0223846435546875
6.030683517456055
6.0388360023498535
6.046867370605469
6.054812431335449
6.062721252441406
6.070641994476318
6.0786213874816895
6.086692810058594
6.094873905181885
6.103166103363037
6.11154317855835
6.119960308074951
6.128346920013428
6.1366190910339355
6.144681930541992
6.152438640594482
6.159802436828613
6.166706085205078
6.173109531402588
6.179001808166504
6.184402942657471
6.189358234405518
6.193929195404053
6.198189735412598
6.202210426330566
6.206060886383057
6.209799289703369
6.21347188949585
6.217113494873047
6.22075080871582
6.224398612976074
6.228064060211182
6.231744766235352
6.235429286956787
6.239099502563477
6.242730617523193
6.246298789978027
6.249776840209961
6.253147602081299
6.256402969360352
6.259546756744385
6.26259708404541
6.265584945678711
6.268548011779785
6.271531581878662
6.2745771408081055
6.277718544006348
6.280977249145508
6.284358024597168
6.287846088409424
6.291406154632568
6.294991970062256
6.298544883728027
6.302005767822266
6.305322647094727
6.308457851409912
6.311389923095703
6.314118385314941
6.316662311553955
6.319057464599609
6.321347236633301
6.323581695556641
6.325808048248291
6.328064918518066
6.330380439758301
6.33276891708374
6.335230827331543
6.337752819061279
6.340310573577881
6.3428754806518555
6.345415115356445
6.347899436950684
6.350301265716553
6.352602005004883
6.354787349700928
6.356851100921631
6.358791351318359
6.360612869262695
6.3623223304748535
6.363930702209473
6.365447521209717
6.366886138916016
6.368256092071533
6.369566440582275
6.370822906494141
6.372028350830078
6.373183250427246
6.3742852210998535
6.37532901763916
6.376312732696533
6.377232074737549
6.378087043762207
6.378876686096191
6.379605770111084
6.380277156829834
6.380897521972656
6.381472587585449
6.382007598876953
6.382508277893066
6.382978916168213
6.383423328399658
6.383843898773193
6.384242057800293
6.384620666503906
6.384979248046875
6.385318756103516
6.38563871383667
6.385940074920654
6.3862223625183105
6.386486053466797
6.3867340087890625
6.386964321136475
6.387180328369141
6.3873820304870605
6.387571811676025
6.387749195098877
6.38791561126709
6.388073444366455
6.388221263885498
6.38836145401001
6.388494491577148
6.388620853424072
6.3887410163879395
6.38885498046875
6.388963222503662
6.389064788818359
6.389159679412842
6.389246940612793
6.389325141906738
6.3893961906433105
6.389457702636719
6.3895111083984375
6.389556884765625
6.389594078063965
6.389625072479248
6.389649868011475
6.389668941497803
6.389681816101074
6.38969087600708
6.389694690704346
